8.61302e-05
0.00440438
0.014479
0.0230751
0.0282598
0.031615
0.0327738
0.033382
0.0329748
0.0328182
0.0318186
0.0304196
0.0296484
0.0286905
0.0271963
0.026699
0.0255794
0.024431
0.0235866
0.022403
0.0214373
0.0202054
0.0195959
0.0186981
0.0181448
0.0170903
0.0162669
0.015433
0.0148666
0.0145208
0.0137038
0.0133489
0.0125593
0.0118899
0.0116028
0.0111395
0.0103891
0.00985407
0.00959699
0.00930336
0.00878006
0.00840944
0.00787961
0.00764601
0.00744504
0.00697002
0.0066516
0.00643366
0.00613482
0.00591819
0.00561151
0.00548754
0.00523959
0.00501382
0.00471367
0.0047215
0.00427258
0.00418645
0.00413425
0.00371273
0.00374405
0.00357962
0.00342041
0.00315028
0.00299498
0.00290494
0.00276139
0.00263741
0.00270658
0.00253562
0.00238685
0.00226287
0.00215978
0.00210366
0.00199143
0.00196272
0.00177089
0.001904
0.00173174
0.001566
0.00143811
0.00154121
0.00141723
0.0013559
0.00127107
0.00118625
0.00107793
0.00104661
0.00111969
0.00100877
0.000985277
0.000930467
0.000940907
0.000903062
0.000773867
0.000815627
0.000785612
0.000742546
0.000716446
0.000664246
0.000606826
0.000640756
0.000579421
0.000622486
0.000532441
0.000538966
0.000536356
0.000502426
0.000491986
0.000429346
0.000455446
0.000396721
0.000337996
0.000352351
0.000324946
0.000374536
0.000307981
0.000334081
0.000306676
0.000305371
0.000289711
0.000267526
0.000259696
0.00024795
0.000238815
0.000266221
0.000270136
0.000194445
0.00019053
0.000194445
0.000204885
0.000170955
0.00019314
0.00018792
0.00015399
0.000160515
0.00014094
0.000123975
0.000134415
0.00011484
0.000121365
9.65702e-05
0.00012006
0.000126585
9.78752e-05
0.00010179
0.000110925
8.09102e-05
7.30801e-05
6.52501e-05
0.00010701
5.74201e-05
7.69952e-05
7.83002e-05
5.08951e-05
6.26401e-05
5.35051e-05
5.08951e-05
3.52351e-05
6.26401e-05
6.78601e-05
4.95901e-05
4.04551e-05
6.65551e-05
4.82851e-05
3.26251e-05
5.08951e-05
4.17601e-05
3.78451e-05
4.30651e-05
1.827e-05
3.26251e-05
1.827e-05
1.6965e-05
2.61001e-05
3.00151e-05
1.827e-05
2.349e-05
1.6965e-05
5.22001e-06
2.349e-05
2.349e-05
2.74051e-05
2.2185e-05
1.4355e-05
2.87101e-05
1.4355e-05
1.566e-05
2.2185e-05
1.9575e-05
1.305e-05
1.9575e-05
7.83002e-06
1.827e-05
1.827e-05
1.4355e-05
1.6965e-05
1.305e-05
1.044e-05
1.4355e-05
0.
